number of atoms: 5
Atom 0: 
atomic_number: 79
coord: 
  -1.4460
   1.4820
  -2.7000

Atom 1: 
atomic_number: 79
coord: 
   2.6820
  -2.3220
   0.4200

Atom 2: 
atomic_number: 79
coord: 
   2.3700
  -2.0700
   1.3980

Atom 3: 
atomic_number: 79
coord: 
  -2.8620
  -1.4040
   0.1440

Atom 4: 
atomic_number: 79
coord: 
  -0.8160
   1.6200
  -2.0940

gradient descent
Iterations: 159
Optimized Energy: -48.1594
Optimized Coordinates: 
  -1.0699   1.0389   1.0410  -1.5049   0.4230
   0.0738  -1.5805  -1.1512  -1.1259   1.0899
  -2.6331  -1.4130   1.5004   0.0208  -0.3071

Execution time: 1 ms

golden_ratio_line_search
Iterations: 151
Optimized Energy: -48.1594
Optimized Coordinates: 
  -1.0702   1.0390   1.0414  -1.5048   0.4226
   0.0728  -1.5805  -1.1504  -1.1260   1.0901
  -2.6333  -1.4128   1.5005   0.0211  -0.3076

Execution time: 24 ms

Newton_step
Iterations: 5
Optimized Energy: -2.55124e-05
Optimized Coordinates: 
  -16.0473   48.7548   22.3596  -27.8239    4.8750
    5.9319   -5.4003    7.2619    2.9071   -8.5182
   16.4424  -11.1462   -8.7425   -9.4353  -57.1720

Execution time: 1 ms

BFGS
inverse Hessian: 
   8.2435e-01  -3.8475e-02  -1.6895e-01   7.2211e-03  -5.8325e-03  -2.2635e-02  -7.2211e-03   5.8325e-03   2.2635e-02   3.0070e-09   3.3989e-09  -2.8895e-09   1.7565e-01   3.8475e-02   1.6895e-01
  -3.8475e-02   9.9157e-01  -3.7009e-02   1.5818e-03  -1.2776e-03  -4.9583e-03  -1.5818e-03   1.2776e-03   4.9583e-03   6.5867e-10   7.4453e-10  -6.3293e-10   3.8475e-02   8.4278e-03   3.7009e-02
  -1.6895e-01  -3.7009e-02   8.3748e-01   6.9460e-03  -5.6103e-03  -2.1773e-02  -6.9461e-03   5.6103e-03   2.1773e-02   2.8924e-09   3.2694e-09  -2.7794e-09   1.6895e-01   3.7009e-02   1.6252e-01
   7.2211e-03   1.5818e-03   6.9460e-03   9.9970e-01   2.3978e-04   9.3059e-04   2.9687e-04  -2.3978e-04  -9.3059e-04  -1.2362e-10  -1.3974e-10   1.1879e-10  -7.2211e-03  -1.5818e-03  -6.9460e-03
  -5.8325e-03  -1.2776e-03  -5.6103e-03   2.3978e-04   9.9981e-01  -7.5163e-04  -2.3978e-04   1.9367e-04   7.5163e-04   9.9849e-11   1.1286e-10  -9.5947e-11   5.8325e-03   1.2776e-03   5.6103e-03
  -2.2635e-02  -4.9583e-03  -2.1773e-02   9.3059e-04  -7.5163e-04   9.9708e-01  -9.3059e-04   7.5163e-04   2.9170e-03   3.8751e-10   4.3802e-10  -3.7237e-10   2.2635e-02   4.9583e-03   2.1773e-02
  -7.2211e-03  -1.5818e-03  -6.9461e-03   2.9687e-04  -2.3978e-04  -9.3059e-04   9.9970e-01   2.3978e-04   9.3059e-04   1.2362e-10   1.3974e-10  -1.1879e-10   7.2211e-03   1.5818e-03   6.9461e-03
   5.8325e-03   1.2776e-03   5.6103e-03  -2.3978e-04   1.9367e-04   7.5163e-04   2.3978e-04   9.9981e-01  -7.5163e-04  -9.9849e-11  -1.1286e-10   9.5947e-11  -5.8325e-03  -1.2776e-03  -5.6103e-03
   2.2635e-02   4.9583e-03   2.1773e-02  -9.3059e-04   7.5163e-04   2.9170e-03   9.3059e-04  -7.5163e-04   9.9708e-01  -3.8751e-10  -4.3802e-10   3.7237e-10  -2.2635e-02  -4.9583e-03  -2.1773e-02
   3.0070e-09   6.5867e-10   2.8924e-09  -1.2362e-10   9.9849e-11   3.8751e-10   1.2362e-10  -9.9849e-11  -3.8751e-10   1.0000e+00  -5.8188e-17   4.9467e-17  -3.0070e-09  -6.5867e-10  -2.8924e-09
   3.3989e-09   7.4453e-10   3.2694e-09  -1.3974e-10   1.1286e-10   4.3802e-10   1.3974e-10  -1.1286e-10  -4.3802e-10  -5.8188e-17   1.0000e+00   5.5914e-17  -3.3989e-09  -7.4453e-10  -3.2694e-09
  -2.8895e-09  -6.3293e-10  -2.7794e-09   1.1879e-10  -9.5947e-11  -3.7237e-10  -1.1879e-10   9.5947e-11   3.7237e-10   4.9467e-17   5.5914e-17   1.0000e+00   2.8895e-09   6.3293e-10   2.7794e-09
   1.7565e-01   3.8475e-02   1.6895e-01  -7.2211e-03   5.8325e-03   2.2635e-02   7.2211e-03  -5.8325e-03  -2.2635e-02  -3.0070e-09  -3.3989e-09   2.8895e-09   8.2435e-01  -3.8475e-02  -1.6895e-01
   3.8475e-02   8.4278e-03   3.7009e-02  -1.5818e-03   1.2776e-03   4.9583e-03   1.5818e-03  -1.2776e-03  -4.9583e-03  -6.5867e-10  -7.4453e-10   6.3293e-10  -3.8475e-02   9.9157e-01  -3.7009e-02
   1.6895e-01   3.7009e-02   1.6252e-01  -6.9460e-03   5.6103e-03   2.1773e-02   6.9461e-03  -5.6103e-03  -2.1773e-02  -2.8924e-09  -3.2694e-09   2.7794e-09  -1.6895e-01  -3.7009e-02   8.3748e-01

Iterations: 1
Optimized Energy: -3.28849e-36
Optimized Coordinates: 
   2.8932e+07  -1.1895e+06   1.1895e+06  -3.3573e+00  -2.8932e+07
   6.3375e+06   9.6071e+05  -9.6072e+05  -1.9639e+00  -6.3375e+06
   2.7830e+07   3.7285e+06  -3.7285e+06   6.1995e-01  -2.7830e+07

Execution time: 0 ms

