number of basis: 12
number of electrons pairs: 6


atomic number: 6
basis [0] GTO [0] exp: 2.94125
basis [0] GTO [0] contract coeff: -0.0999672
basis [0] GTO [0] normalization constant: 1.6007
basis [0] GTO [1] exp: 0.683483
basis [0] GTO [1] contract coeff: 0.399513
basis [0] GTO [1] normalization constant: 0.535742
basis [0] GTO [2] exp: 0.22229
basis [0] GTO [2] contract coeff: 0.700115
basis [0] GTO [2] normalization constant: 0.230728
L: 0 0 0 
Coord: 1.266 0 0 



atomic number: 6
basis [1] GTO [0] exp: 2.94125
basis [1] GTO [0] contract coeff: 0.155916
basis [1] GTO [0] normalization constant: 5.49041
basis [1] GTO [1] exp: 0.683483
basis [1] GTO [1] contract coeff: 0.607684
basis [1] GTO [1] normalization constant: 0.885829
basis [1] GTO [2] exp: 0.22229
basis [1] GTO [2] contract coeff: 0.391957
basis [1] GTO [2] normalization constant: 0.217565
L: 1 0 0 
Coord: 1.266 0 0 



atomic number: 6
basis [2] GTO [0] exp: 2.94125
basis [2] GTO [0] contract coeff: 0.155916
basis [2] GTO [0] normalization constant: 5.49041
basis [2] GTO [1] exp: 0.683483
basis [2] GTO [1] contract coeff: 0.607684
basis [2] GTO [1] normalization constant: 0.885829
basis [2] GTO [2] exp: 0.22229
basis [2] GTO [2] contract coeff: 0.391957
basis [2] GTO [2] normalization constant: 0.217565
L: 0 1 0 
Coord: 1.266 0 0 



atomic number: 6
basis [3] GTO [0] exp: 2.94125
basis [3] GTO [0] contract coeff: 0.155916
basis [3] GTO [0] normalization constant: 5.49041
basis [3] GTO [1] exp: 0.683483
basis [3] GTO [1] contract coeff: 0.607684
basis [3] GTO [1] normalization constant: 0.885829
basis [3] GTO [2] exp: 0.22229
basis [3] GTO [2] contract coeff: 0.391957
basis [3] GTO [2] normalization constant: 0.217565
L: 0 0 1 
Coord: 1.266 0 0 



atomic number: 6
basis [4] GTO [0] exp: 2.94125
basis [4] GTO [0] contract coeff: -0.0999672
basis [4] GTO [0] normalization constant: 1.6007
basis [4] GTO [1] exp: 0.683483
basis [4] GTO [1] contract coeff: 0.399513
basis [4] GTO [1] normalization constant: 0.535742
basis [4] GTO [2] exp: 0.22229
basis [4] GTO [2] contract coeff: 0.700115
basis [4] GTO [2] normalization constant: 0.230728
L: 0 0 0 
Coord: -1.266 -0 0 



atomic number: 6
basis [5] GTO [0] exp: 2.94125
basis [5] GTO [0] contract coeff: 0.155916
basis [5] GTO [0] normalization constant: 5.49041
basis [5] GTO [1] exp: 0.683483
basis [5] GTO [1] contract coeff: 0.607684
basis [5] GTO [1] normalization constant: 0.885829
basis [5] GTO [2] exp: 0.22229
basis [5] GTO [2] contract coeff: 0.391957
basis [5] GTO [2] normalization constant: 0.217565
L: 1 0 0 
Coord: -1.266 -0 0 



atomic number: 6
basis [6] GTO [0] exp: 2.94125
basis [6] GTO [0] contract coeff: 0.155916
basis [6] GTO [0] normalization constant: 5.49041
basis [6] GTO [1] exp: 0.683483
basis [6] GTO [1] contract coeff: 0.607684
basis [6] GTO [1] normalization constant: 0.885829
basis [6] GTO [2] exp: 0.22229
basis [6] GTO [2] contract coeff: 0.391957
basis [6] GTO [2] normalization constant: 0.217565
L: 0 1 0 
Coord: -1.266 -0 0 



atomic number: 6
basis [7] GTO [0] exp: 2.94125
basis [7] GTO [0] contract coeff: 0.155916
basis [7] GTO [0] normalization constant: 5.49041
basis [7] GTO [1] exp: 0.683483
basis [7] GTO [1] contract coeff: 0.607684
basis [7] GTO [1] normalization constant: 0.885829
basis [7] GTO [2] exp: 0.22229
basis [7] GTO [2] contract coeff: 0.391957
basis [7] GTO [2] normalization constant: 0.217565
L: 0 0 1 
Coord: -1.266 -0 0 



atomic number: 1
basis [8] GTO [0] exp: 3.42525
basis [8] GTO [0] contract coeff: 0.154329
basis [8] GTO [0] normalization constant: 1.79444
basis [8] GTO [1] exp: 0.623914
basis [8] GTO [1] contract coeff: 0.535328
basis [8] GTO [1] normalization constant: 0.500326
basis [8] GTO [2] exp: 0.168855
basis [8] GTO [2] contract coeff: 0.444635
basis [8] GTO [2] normalization constant: 0.187735
L: 0 0 0 
Coord: 2.305 1.8 0 



atomic number: 1
basis [9] GTO [0] exp: 3.42525
basis [9] GTO [0] contract coeff: 0.154329
basis [9] GTO [0] normalization constant: 1.79444
basis [9] GTO [1] exp: 0.623914
basis [9] GTO [1] contract coeff: 0.535328
basis [9] GTO [1] normalization constant: 0.500326
basis [9] GTO [2] exp: 0.168855
basis [9] GTO [2] contract coeff: 0.444635
basis [9] GTO [2] normalization constant: 0.187735
L: 0 0 0 
Coord: 2.305 -1.8 0 



atomic number: 1
basis [10] GTO [0] exp: 3.42525
basis [10] GTO [0] contract coeff: 0.154329
basis [10] GTO [0] normalization constant: 1.79444
basis [10] GTO [1] exp: 0.623914
basis [10] GTO [1] contract coeff: 0.535328
basis [10] GTO [1] normalization constant: 0.500326
basis [10] GTO [2] exp: 0.168855
basis [10] GTO [2] contract coeff: 0.444635
basis [10] GTO [2] normalization constant: 0.187735
L: 0 0 0 
Coord: -2.305 1.8 0 



atomic number: 1
basis [11] GTO [0] exp: 3.42525
basis [11] GTO [0] contract coeff: 0.154329
basis [11] GTO [0] normalization constant: 1.79444
basis [11] GTO [1] exp: 0.623914
basis [11] GTO [1] contract coeff: 0.535328
basis [11] GTO [1] normalization constant: 0.500326
basis [11] GTO [2] exp: 0.168855
basis [11] GTO [2] contract coeff: 0.444635
basis [11] GTO [2] normalization constant: 0.187735
L: 0 0 0 
Coord: -2.305 -1.8 0 


Overlap Matrix: 
   1.0000        0        0        0   0.3954   0.4094        0        0   0.4851   0.4851   0.1045   0.1045
        0   1.0000        0        0  -0.4094  -0.3281        0        0   0.2319   0.2319  -0.1193  -0.1193
        0        0   1.0000        0        0        0   0.2373        0   0.4018  -0.4018   0.0601  -0.0601
        0        0        0   1.0000        0        0        0   0.2373        0        0        0        0
   0.3954  -0.4094        0        0   1.0000        0        0        0   0.1045   0.1045   0.4851   0.4851
   0.4094  -0.3281        0        0        0   1.0000        0        0   0.1193   0.1193  -0.2319  -0.2319
        0        0   0.2373        0        0        0   1.0000        0   0.0601  -0.0601   0.4018  -0.4018
        0        0        0   0.2373        0        0        0   1.0000        0        0        0        0
   0.4851   0.2319   0.4018        0   0.1045   0.1193   0.0601        0   1.0000   0.1390   0.0554   0.0149
   0.4851   0.2319  -0.4018        0   0.1045   0.1193  -0.0601        0   0.1390   1.0000   0.0149   0.0554
   0.1045  -0.1193   0.0601        0   0.4851  -0.2319   0.4018        0   0.0554   0.0149   1.0000   0.1390
   0.1045  -0.1193  -0.0601        0   0.4851  -0.2319  -0.4018        0   0.0149   0.0554   0.1390   1.0000

Hamiltonian Matrix: 
  -21.4000         0         0         0  -14.8089  -11.7485         0         0  -14.8569  -14.8569   -3.2014   -3.2014
         0  -11.4000         0         0   11.7485    6.5465         0         0   -5.0729   -5.0729    2.6097    2.6097
         0         0  -11.4000         0         0         0   -4.7345         0   -8.7885    8.7885   -1.3154    1.3154
         0         0         0  -11.4000         0         0         0   -4.7345         0         0         0         0
  -14.8089   11.7485         0         0  -21.4000         0         0         0   -3.2014   -3.2014  -14.8569  -14.8569
  -11.7485    6.5465         0         0         0  -11.4000         0         0   -2.6097   -2.6097    5.0729    5.0729
         0         0   -4.7345         0         0         0  -11.4000         0   -1.3154    1.3154   -8.7885    8.7885
         0         0         0   -4.7345         0         0         0  -11.4000         0         0         0         0
  -14.8569   -5.0729   -8.7885         0   -3.2014   -2.6097   -1.3154         0  -13.6000   -3.3093   -1.3190   -0.3547
  -14.8569   -5.0729    8.7885         0   -3.2014   -2.6097    1.3154         0   -3.3093  -13.6000   -0.3547   -1.3190
   -3.2014    2.6097   -1.3154         0  -14.8569    5.0729   -8.7885         0   -1.3190   -0.3547  -13.6000   -3.3093
   -3.2014    2.6097    1.3154         0  -14.8569    5.0729    8.7885         0   -0.3547   -1.3190   -3.3093  -13.6000

Orthogonalization Matrix: 
   1.4763e+00  -8.2761e-02   3.0283e-16   4.1316e-17  -3.2686e-01  -3.4116e-01  -1.5097e-16  -5.6910e-17  -3.2802e-01  -3.2802e-01  -1.8394e-02  -1.8394e-02
  -8.2761e-02   1.2645e+00   7.7847e-16  -9.1196e-18   3.4116e-01   3.1015e-01  -9.2187e-16  -7.2737e-18  -1.7446e-01  -1.7446e-01   2.5852e-02   2.5852e-02
   3.0283e-16   7.7847e-16   1.2210e+00   8.3258e-17   1.1331e-15   1.2974e-16  -1.5062e-01  -1.8118e-16  -3.0473e-01   3.0473e-01   1.9158e-02  -1.9158e-02
   4.1316e-17  -9.1196e-18   8.3258e-17   1.0220e+00  -3.0781e-17  -2.3717e-17  -7.1254e-17  -1.2303e-01  -6.2007e-17   1.7657e-17   7.7418e-17  -4.1034e-17
  -3.2686e-01   3.4116e-01   1.1331e-15  -3.0781e-17   1.4763e+00   8.2761e-02  -8.7995e-16   1.5145e-16  -1.8394e-02  -1.8394e-02  -3.2802e-01  -3.2802e-01
  -3.4116e-01   3.1015e-01   1.2974e-16  -2.3717e-17   8.2761e-02   1.2645e+00  -1.7131e-16   9.6475e-17  -2.5852e-02  -2.5852e-02   1.7446e-01   1.7446e-01
  -1.5097e-16  -9.2187e-16  -1.5062e-01  -7.1254e-17  -8.7995e-16  -1.7131e-16   1.2210e+00   9.5766e-17   1.9158e-02  -1.9158e-02  -3.0473e-01   3.0473e-01
  -5.6910e-17  -7.2737e-18  -1.8118e-16  -1.2303e-01   1.5145e-16   9.6475e-17   9.5766e-17   1.0220e+00   1.4901e-16  -2.9257e-17  -3.1080e-16   7.3837e-17
  -3.2802e-01  -1.7446e-01  -3.0473e-01  -6.2007e-17  -1.8394e-02  -2.5852e-02   1.9158e-02   1.4901e-16   1.2624e+00  -3.5047e-02  -2.0930e-02  -1.5135e-03
  -3.2802e-01  -1.7446e-01   3.0473e-01   1.7657e-17  -1.8394e-02  -2.5852e-02  -1.9158e-02  -2.9257e-17  -3.5047e-02   1.2624e+00  -1.5135e-03  -2.0930e-02
  -1.8394e-02   2.5852e-02   1.9158e-02   7.7418e-17  -3.2802e-01   1.7446e-01  -3.0473e-01  -3.1080e-16  -2.0930e-02  -1.5135e-03   1.2624e+00  -3.5047e-02
  -1.8394e-02   2.5852e-02  -1.9158e-02  -4.1034e-17  -3.2802e-01   1.7446e-01   3.0473e-01   7.3837e-17  -1.5135e-03  -2.0930e-02  -3.5047e-02   1.2624e+00

Coefficient Matrix: 
   5.0765e-01   4.0457e-01   9.4405e-16   9.8065e-16  -6.5277e-02  -3.5359e-16  -1.8285e-16  -2.6321e-16  -1.6750e-01   1.7403e-15   7.4300e-01  -1.2727e+00
  -3.0743e-02   1.7188e-01   6.8342e-16  -8.0048e-15   5.0903e-01   1.4865e-15   1.2640e-16  -1.5388e-15  -9.2904e-01  -2.2833e-15   5.0085e-01   6.9075e-01
   8.9835e-16   3.7810e-16  -3.6732e-01  -3.8434e-01  -5.5628e-15  -9.5052e-16  -2.1540e-16  -7.2078e-01   4.0478e-15  -9.4758e-01   5.4929e-15   1.3295e-15
   1.3796e-17  -9.0960e-17  -2.2959e-16  -1.4691e-15  -1.6406e-15   6.3569e-01  -8.0968e-01   6.8680e-17  -1.1272e-16  -1.9370e-16   1.0323e-17  -9.7393e-17
   5.0765e-01  -4.0457e-01  -6.1021e-16   1.1059e-15  -6.5277e-02  -1.6010e-16   7.3251e-17   3.8471e-16   1.6750e-01   3.5313e-15   7.4300e-01   1.2727e+00
   3.0743e-02   1.7188e-01   4.5403e-16   7.0241e-15  -5.0903e-01  -1.4047e-15  -2.2259e-16  -2.0174e-15  -9.2904e-01  -5.7121e-15  -5.0085e-01   6.9075e-01
  -6.1735e-16   1.7894e-15  -3.6732e-01   3.8434e-01   5.8447e-15   1.0051e-15   4.0982e-16  -7.2078e-01  -7.0459e-16   9.4758e-01  -4.7450e-15  -8.6440e-16
  -8.3837e-18   9.7840e-17   7.4867e-16  -1.8916e-15  -2.4912e-15   6.3569e-01   8.0968e-01  -1.6981e-16   1.6794e-16   3.4356e-16  -2.4423e-17   2.4589e-16
   9.0151e-02   2.3754e-01  -2.8099e-01  -3.5150e-01   2.1021e-01   2.3277e-18   2.8062e-16   6.0842e-01   5.3310e-01   6.0204e-01  -6.1782e-01   3.4336e-01
   9.0151e-02   2.3754e-01   2.8099e-01   3.5150e-01   2.1021e-01   1.2800e-15  -2.5401e-17  -6.0842e-01   5.3310e-01  -6.0204e-01  -6.1782e-01   3.4336e-01
   9.0151e-02  -2.3754e-01  -2.8099e-01   3.5150e-01   2.1021e-01   1.5712e-15   5.3625e-17   6.0842e-01  -5.3310e-01  -6.0204e-01  -6.1782e-01  -3.4336e-01
   9.0151e-02  -2.3754e-01   2.8099e-01  -3.5150e-01   2.1021e-01  -3.1082e-16   3.1521e-17  -6.0842e-01  -5.3310e-01   6.0204e-01  -6.1782e-01  -3.4336e-01

Total Energy: -211.48
